[gd_scene format=3 uid="uid://d3g25osrqkgki"]

[ext_resource type="Script" uid="uid://vvlna8akved4" path="res://Scripts/player_boat.gd" id="1_boat"]

[sub_resource type="StandardMaterial3D" id="StandardMaterial3D_RedHull"]
albedo_color = Color(0.6, 0.15, 0.1, 1)
roughness = 0.9
metallic = 0.1

[sub_resource type="StandardMaterial3D" id="StandardMaterial3D_GrayHull"]
albedo_color = Color(0.75, 0.75, 0.75, 1)
roughness = 0.7
metallic = 0.05

[sub_resource type="StandardMaterial3D" id="StandardMaterial3D_Dark"]
albedo_color = Color(0.15, 0.15, 0.15, 1)
roughness = 0.6

[sub_resource type="BoxMesh" id="BoxMesh_LowerHull"]
material = SubResource("StandardMaterial3D_RedHull")
size = Vector3(1.5, 0.3, 4)

[sub_resource type="BoxMesh" id="BoxMesh_UpperHull"]
material = SubResource("StandardMaterial3D_GrayHull")
size = Vector3(1.5, 0.5, 3.5)

[sub_resource type="PrismMesh" id="PrismMesh_LowerBow"]
material = SubResource("StandardMaterial3D_RedHull")
size = Vector3(1.5, 0.3, 1.5)

[sub_resource type="PrismMesh" id="PrismMesh_UpperBow"]
material = SubResource("StandardMaterial3D_GrayHull")
size = Vector3(1.5, 0.5, 1.0)

[sub_resource type="PrismMesh" id="PrismMesh_LowerStern"]
material = SubResource("StandardMaterial3D_RedHull")
size = Vector3(1.4, 0.3, 1.2)

[sub_resource type="PrismMesh" id="PrismMesh_UpperStern"]
material = SubResource("StandardMaterial3D_GrayHull")
size = Vector3(1.4, 0.5, 0.8)

[sub_resource type="BoxMesh" id="BoxMesh_Deck"]
material = SubResource("StandardMaterial3D_Dark")
size = Vector3(1.3, 0.05, 3.0)

[sub_resource type="CylinderMesh" id="CylinderMesh_Funnel"]
material = SubResource("StandardMaterial3D_GrayHull")
top_radius = 0.2
bottom_radius = 0.2
height = 1.0

[sub_resource type="BoxMesh" id="BoxMesh_FunnelTop"]
material = SubResource("StandardMaterial3D_Dark")
size = Vector3(0.08, 0.05, 0.3)

[sub_resource type="CylinderMesh" id="CylinderMesh_Turret"]
material = SubResource("StandardMaterial3D_Dark")
top_radius = 0.35
bottom_radius = 0.35
height = 0.3

[sub_resource type="BoxMesh" id="BoxMesh_Barrel"]
material = SubResource("StandardMaterial3D_Dark")
size = Vector3(0.08, 0.08, 0.8)

[sub_resource type="BoxShape3D" id="BoxShape3D_Full"]
size = Vector3(1.5, 1.5, 7)

[node name="PlayerBoat" type="CharacterBody3D" unique_id=628198159]
script = ExtResource("1_boat")

[node name="Visuals" type="Node3D" parent="." unique_id=1521613471]

[node name="LowerHull" type="MeshInstance3D" parent="Visuals"]
transform = Transform3D(1, 0, 0, 0, 1, 0, 0, 0, 1, 0, 0.15, 0)
mesh = SubResource("BoxMesh_LowerHull")

[node name="UpperHull" type="MeshInstance3D" parent="Visuals"]
transform = Transform3D(1, 0, 0, 0, 1, 0, 0, 0, 1, 0, 0.55, -0.25)
mesh = SubResource("BoxMesh_UpperHull")

[node name="Deck" type="MeshInstance3D" parent="Visuals"]
transform = Transform3D(1, 0, 0, 0, 1, 0, 0, 0, 1, 0, 0.8, -0.25)
mesh = SubResource("BoxMesh_Deck")

[node name="LowerBow" type="MeshInstance3D" parent="Visuals"]
transform = Transform3D(-0.97942054, 0.20183022, -8.822282e-09, 0, -4.37114e-08, -1, -0.20183022, -0.97942054, 4.281184e-08, 0, 0.07287139, -3.5)
mesh = SubResource("PrismMesh_LowerBow")

[node name="UpperBow" type="MeshInstance3D" parent="Visuals"]
transform = Transform3D(-0.97942054, 0.20183022, -8.822282e-09, 0, -4.37114e-08, -1, -0.20183022, -0.97942054, 4.281184e-08, 0, 0.27287138, -4.0)
mesh = SubResource("PrismMesh_UpperBow")

[node name="LowerStern" type="MeshInstance3D" parent="Visuals"]
transform = Transform3D(-0.9991367, 0.041544363, 1.815962e-09, 0, -4.37114e-08, 1, 0.041544363, 0.9991367, 4.3673662e-08, 0.009604216, 0.11832839, 2.3)
mesh = SubResource("PrismMesh_LowerStern")

[node name="UpperStern" type="MeshInstance3D" parent="Visuals"]
transform = Transform3D(-0.9991367, 0.041544363, 1.815962e-09, 0, -4.37114e-08, 1, 0.041544363, 0.9991367, 4.3673662e-08, 0.009604216, 0.36832838, 2.65)
mesh = SubResource("PrismMesh_UpperStern")

[node name="Funnel1" type="MeshInstance3D" parent="Visuals"]
transform = Transform3D(1, 0, 0, 0, 1, 0, 0, 0, 1, 0, 1.2, -0.6)
mesh = SubResource("CylinderMesh_Funnel")

[node name="FunnelTop" type="MeshInstance3D" parent="Visuals/Funnel1"]
transform = Transform3D(1, 0, 0, 0, 1, 0, 0, 0, 1, 0, 0.525, 0)
mesh = SubResource("BoxMesh_FunnelTop")

[node name="Funnel2" type="MeshInstance3D" parent="Visuals"]
transform = Transform3D(1, 0, 0, 0, 1, 0, 0, 0, 1, 0, 1.2, 0)
mesh = SubResource("CylinderMesh_Funnel")

[node name="FunnelTop" type="MeshInstance3D" parent="Visuals/Funnel2"]
transform = Transform3D(1, 0, 0, 0, 1, 0, 0, 0, 1, 0, 0.525, 0)
mesh = SubResource("BoxMesh_FunnelTop")

[node name="Funnel3" type="MeshInstance3D" parent="Visuals"]
transform = Transform3D(1, 0, 0, 0, 1, 0, 0, 0, 1, 0, 1.2, 0.6)
mesh = SubResource("CylinderMesh_Funnel")

[node name="FunnelTop" type="MeshInstance3D" parent="Visuals/Funnel3"]
transform = Transform3D(1, 0, 0, 0, 1, 0, 0, 0, 1, 0, 0.525, 0)
mesh = SubResource("BoxMesh_FunnelTop")

[node name="TurretFront" type="MeshInstance3D" parent="Visuals"]
transform = Transform3D(1, 0, 0, 0, 1, 0, 0, 0, 1, 0, 0.9, -1.8)
mesh = SubResource("CylinderMesh_Turret")

[node name="Barrel" type="MeshInstance3D" parent="Visuals/TurretFront"]
transform = Transform3D(1, 0, 0, 0, 1, 0, 0, 0, 1, 0, 0.05, -0.5)
mesh = SubResource("BoxMesh_Barrel")

[node name="TurretBack" type="MeshInstance3D" parent="Visuals"]
transform = Transform3D(1, 0, 0, 0, 1, 0, 0, 0, 1, 0, 0.9, 1.8)
mesh = SubResource("CylinderMesh_Turret")

[node name="Barrel" type="MeshInstance3D" parent="Visuals/TurretBack"]
transform = Transform3D(1, 0, 0, 0, 1, 0, 0, 0, 1, 0, 0.05, 0.5)
mesh = SubResource("BoxMesh_Barrel")

[node name="CollisionShape3D" type="CollisionShape3D" parent="." unique_id=1355882337]
transform = Transform3D(1, 0, 0, 0, 1, 0, 0, 0, 1, 0, 0.75, 0)
shape = SubResource("BoxShape3D_Full")

[node name="Camera3D" type="Camera3D" parent="." unique_id=1402373590]
transform = Transform3D(1, 0, 0, 0, 0.939693, 0.34202, 0, -0.34202, 0.939693, 0, 5, 8)
current = true
